function [v_out] = fcnKJV(xi_1, xi_3, eta_1, eta_3, E, D_TE, A_1, A_2, B_1, B_2, C_2, C_3, u, v, w, rho, lim)
u_1 = u(:,1); u_2 = u(:,2); u_3 = u(:,3);
v_1 = v(:,1); v_2 = v(:,2); v_3 = v(:,3);
w_1 = w(:,1); w_2 = w(:,2); w_3 = w(:,3);

t1 = -xi_3 + xi_1;
t3 = E .^ 2;
t4 = (t3 .* A_1);
t5 = (xi_1 .^ 2);
t6 = (t5 .^ 2);
t7 = (t6 .* xi_1);
t8 = (t7 .* w_1);
t11 = (xi_3 .^ 2);
t12 = (t11 .^ 2);
t13 = (t12 .* xi_3);
t14 = (t13 .* w_1);
t17 = (A_1 .* D_TE);
t18 = (E .* w_1);
t25 = (t6 .* w_2);
t28 = (t12 .* w_2);
t31 = (C_2 .* E);
t36 = D_TE .^ 2;
t37 = (t36 .* A_1);
t38 = (t5 .* xi_1);
t39 = (t38 .* w_1);
t42 = (t11 .* xi_3);
t43 = (t42 .* w_1);
t46 = (w_2 .* E);
t53 = (t38 .* w_3);
t56 = (t42 .* w_3);
t59 = (E .* A_2);
t60 = (t6 .* w_1);
t63 = -30 .* t12 .* t18 .* t17 + 30 .* t6 .* t18 .* t17 + 40 .* t38 .* t46 .* t17 - 40 .* t42 .* t46 .* t17 - 24 .* t14 .* t31 - 12 .* t14 .* t4 + 15 .* t25 .* t4 - 15 .* t28 .* t4 + 24 .* t8 .* t31 + 20 .* t39 .* t37 - 20 .* t43 .* t37 + 20 .* t53 .* t4 - 20 .* t56 .* t4 + 12 .* t8 .* t4 + 30 .* t60 .* t59;
t64 = t12 .* w_1;
t67 = w_1 .* B_1;
t72 = (D_TE .* C_2);
t81 = (t5 .* w_2);
t84 = (t11 .* w_2);
t87 = (w_3 .* E);
t94 = (A_2 .* D_TE);
t99 = t38 .* w_2;
t102 = t42 .* w_2;
t105 = -60 .* t11 .* t87 .* t17 + 60 .* t5 .* t87 .* t17 - 40 .* t102 .* t59 - 12 .* t13 .* t67 + 30 .* t25 .* t31 - 30 .* t28 .* t31 + 30 .* t81 .* t37 - 30 .* t84 .* t37 + 40 .* t39 .* t94 - 40 .* t43 .* t94 - 30 .* t64 .* t59 + 40 .* t99 .* t59 + 30 .* t60 .* t72 - 30 .* t64 .* t72 + 12 .* t7 .* t67;
t107 = B_1 .* w_2;
t112 = B_2 .* w_1;
t125 = (w_3 .* xi_1);
t128 = (w_3 .* xi_3);
t135 = t5 .* w_3;
t138 = t11 .* w_3;
t141 = B_1 .* w_3;
t144 = -40 .* t102 .* t72 - 15 .* t12 .* t107 + 15 .* t6 .* t107 - 30 .* t12 .* t112 + 30 .* t6 .* t112 + 60 .* t125 .* t37 - 60 .* t128 .* t37 + 60 .* t135 .* t59 - 60 .* t138 .* t59 + 20 .* t38 .* t141 + 40 .* t53 .* t31 - 40 .* t56 .* t31 + 40 .* t99 .* t72 + 60 .* t81 .* t94 - 60 .* t84 .* t94;
t147 = B_2 .* w_2;
t156 = C_3 .* w_1;
t165 = B_2 .* w_3;
t170 = C_3 .* w_2;
t175 = w_3 .* C_3;
t180 = -60 .* t11 .* t165 - 60 .* t11 .* t170 + 120 .* t125 .* t94 - 120 .* t128 .* t94 + 60 .* t135 .* t72 - 60 .* t138 .* t72 - 20 .* t42 .* t141 + 40 .* t38 .* t147 - 40 .* t42 .* t147 + 40 .* t38 .* t156 - 40 .* t42 .* t156 + 60 .* t5 .* t165 + 60 .* t5 .* t170 + 120 .* xi_1 .* t175 - 120 .* xi_3 .* t175;
t183 = (eta_1 .^ 2);
t186 = (eta_3 .^ 2);
t187 = (t1 .^ 2);
t189 = sqrt((-2 .* eta_3 .* eta_1 + t183 + t186 + t187));
t193 = 0.1e1 ./ t189 .* (t63 + t105 + t144 + t180) .* t1 .* rho ./ 0.120e3;

v_out = t193;

end
