solid
 facet normal  0.0000000000e+000 0.0000000000e+000 -1.0000000000e+000
   outer loop
     vertex 4.0000000000e+000 0.0000000000e+000 0.0000000000e+000
     vertex 3.9650537307e+000 2.2500000000e+000 0.0000000000e+000
     vertex 4.5490381057e+000 2.2500000000e+000 0.0000000000e+000
   endloop
 endfacet
 facet normal  0.0000000000e+000 0.0000000000e+000 -1.0000000000e+000
   outer loop
     vertex 4.0000000000e+000 0.0000000000e+000 0.0000000000e+000
     vertex 3.2812500000e+000 0.0000000000e+000 0.0000000000e+000
     vertex 3.9650537307e+000 2.2500000000e+000 0.0000000000e+000
   endloop
 endfacet
 facet normal  0.0000000000e+000 0.0000000000e+000 -1.0000000000e+000
   outer loop
     vertex 3.2812500000e+000 0.0000000000e+000 0.0000000000e+000
     vertex 2.9240381057e+000 2.2500000000e+000 0.0000000000e+000
     vertex 3.9650537307e+000 2.2500000000e+000 0.0000000000e+000
   endloop
 endfacet
 facet normal  0.0000000000e+000 0.0000000000e+000 -1.0000000000e+000
   outer loop
     vertex 3.2812500000e+000 0.0000000000e+000 0.0000000000e+000
     vertex 2.0000000000e+000 0.0000000000e+000 0.0000000000e+000
     vertex 2.9240381057e+000 2.2500000000e+000 0.0000000000e+000
   endloop
 endfacet
 facet normal  0.0000000000e+000 0.0000000000e+000 -1.0000000000e+000
   outer loop
     vertex 2.0000000000e+000 0.0000000000e+000 0.0000000000e+000
     vertex 7.1875000000e-001 0.0000000000e+000 0.0000000000e+000
     vertex 2.9240381057e+000 2.2500000000e+000 0.0000000000e+000
   endloop
 endfacet
 facet normal  0.0000000000e+000 0.0000000000e+000 -1.0000000000e+000
   outer loop
     vertex 2.9240381057e+000 2.2500000000e+000 0.0000000000e+000
     vertex 7.1875000000e-001 0.0000000000e+000 0.0000000000e+000
     vertex 1.8830224807e+000 2.2500000000e+000 0.0000000000e+000
   endloop
 endfacet
 facet normal  0.0000000000e+000 0.0000000000e+000 -1.0000000000e+000
   outer loop
     vertex 7.1875000000e-001 0.0000000000e+000 0.0000000000e+000
     vertex 0.0000000000e+000 0.0000000000e+000 0.0000000000e+000
     vertex 1.8830224807e+000 2.2500000000e+000 0.0000000000e+000
   endloop
 endfacet
 facet normal  0.0000000000e+000 0.0000000000e+000 -1.0000000000e+000
   outer loop
     vertex 1.8830224807e+000 2.2500000000e+000 0.0000000000e+000
     vertex 0.0000000000e+000 0.0000000000e+000 0.0000000000e+000
     vertex 1.2990381057e+000 2.2500000000e+000 0.0000000000e+000
   endloop
 endfacet
 facet normal  0.0000000000e+000 0.0000000000e+000 1.0000000000e+000
   outer loop
     vertex 0.0000000000e+000 0.0000000000e+000 0.0000000000e+000
     vertex 1.8830224807e+000 2.2500000000e+000 0.0000000000e+000
     vertex 1.2990381057e+000 2.2500000000e+000 0.0000000000e+000
   endloop
 endfacet
 facet normal  0.0000000000e+000 -0.0000000000e+000 1.0000000000e+000
   outer loop
     vertex 0.0000000000e+000 0.0000000000e+000 0.0000000000e+000
     vertex 7.1875000000e-001 0.0000000000e+000 0.0000000000e+000
     vertex 1.8830224807e+000 2.2500000000e+000 0.0000000000e+000
   endloop
 endfacet
 facet normal  0.0000000000e+000 0.0000000000e+000 1.0000000000e+000
   outer loop
     vertex 7.1875000000e-001 0.0000000000e+000 0.0000000000e+000
     vertex 2.9240381057e+000 2.2500000000e+000 0.0000000000e+000
     vertex 1.8830224807e+000 2.2500000000e+000 0.0000000000e+000
   endloop
 endfacet
 facet normal  0.0000000000e+000 -0.0000000000e+000 1.0000000000e+000
   outer loop
     vertex 7.1875000000e-001 0.0000000000e+000 0.0000000000e+000
     vertex 2.0000000000e+000 0.0000000000e+000 0.0000000000e+000
     vertex 2.9240381057e+000 2.2500000000e+000 0.0000000000e+000
   endloop
 endfacet
 facet normal  0.0000000000e+000 0.0000000000e+000 1.0000000000e+000
   outer loop
     vertex 2.0000000000e+000 0.0000000000e+000 0.0000000000e+000
     vertex 3.2812500000e+000 0.0000000000e+000 0.0000000000e+000
     vertex 2.9240381057e+000 2.2500000000e+000 0.0000000000e+000
   endloop
 endfacet
 facet normal  0.0000000000e+000 -0.0000000000e+000 1.0000000000e+000
   outer loop
     vertex 2.9240381057e+000 2.2500000000e+000 0.0000000000e+000
     vertex 3.2812500000e+000 0.0000000000e+000 0.0000000000e+000
     vertex 3.9650537307e+000 2.2500000000e+000 0.0000000000e+000
   endloop
 endfacet
 facet normal  0.0000000000e+000 0.0000000000e+000 1.0000000000e+000
   outer loop
     vertex 3.2812500000e+000 0.0000000000e+000 0.0000000000e+000
     vertex 4.0000000000e+000 0.0000000000e+000 0.0000000000e+000
     vertex 3.9650537307e+000 2.2500000000e+000 0.0000000000e+000
   endloop
 endfacet
 facet normal  0.0000000000e+000 -0.0000000000e+000 1.0000000000e+000
   outer loop
     vertex 3.9650537307e+000 2.2500000000e+000 0.0000000000e+000
     vertex 4.0000000000e+000 0.0000000000e+000 0.0000000000e+000
     vertex 4.5490381057e+000 2.2500000000e+000 0.0000000000e+000
   endloop
 endfacet
 facet normal  0.0000000000e+000 -0.0000000000e+000 -1.0000000000e+000
   outer loop
     vertex 4.5490381057e+000 2.2500000000e+000 0.0000000000e+000
     vertex 4.6488574614e+000 4.5000000000e+000 0.0000000000e+000
     vertex 5.0980762114e+000 4.5000000000e+000 0.0000000000e+000
   endloop
 endfacet
 facet normal  0.0000000000e+000 0.0000000000e+000 -1.0000000000e+000
   outer loop
     vertex 4.5490381057e+000 2.2500000000e+000 0.0000000000e+000
     vertex 3.9650537307e+000 2.2500000000e+000 0.0000000000e+000
     vertex 4.6488574614e+000 4.5000000000e+000 0.0000000000e+000
   endloop
 endfacet
 facet normal  0.0000000000e+000 0.0000000000e+000 -1.0000000000e+000
   outer loop
     vertex 3.9650537307e+000 2.2500000000e+000 0.0000000000e+000
     vertex 3.8480762114e+000 4.5000000000e+000 0.0000000000e+000
     vertex 4.6488574614e+000 4.5000000000e+000 0.0000000000e+000
   endloop
 endfacet
 facet normal  0.0000000000e+000 0.0000000000e+000 -1.0000000000e+000
   outer loop
     vertex 3.9650537307e+000 2.2500000000e+000 0.0000000000e+000
     vertex 2.9240381057e+000 2.2500000000e+000 0.0000000000e+000
     vertex 3.8480762114e+000 4.5000000000e+000 0.0000000000e+000
   endloop
 endfacet
 facet normal  0.0000000000e+000 0.0000000000e+000 -1.0000000000e+000
   outer loop
     vertex 2.9240381057e+000 2.2500000000e+000 0.0000000000e+000
     vertex 1.8830224807e+000 2.2500000000e+000 0.0000000000e+000
     vertex 3.8480762114e+000 4.5000000000e+000 0.0000000000e+000
   endloop
 endfacet
 facet normal  0.0000000000e+000 0.0000000000e+000 -1.0000000000e+000
   outer loop
     vertex 3.8480762114e+000 4.5000000000e+000 0.0000000000e+000
     vertex 1.8830224807e+000 2.2500000000e+000 0.0000000000e+000
     vertex 3.0472949614e+000 4.5000000000e+000 0.0000000000e+000
   endloop
 endfacet
 facet normal  0.0000000000e+000 0.0000000000e+000 -1.0000000000e+000
   outer loop
     vertex 1.8830224807e+000 2.2500000000e+000 0.0000000000e+000
     vertex 1.2990381057e+000 2.2500000000e+000 0.0000000000e+000
     vertex 3.0472949614e+000 4.5000000000e+000 0.0000000000e+000
   endloop
 endfacet
 facet normal  0.0000000000e+000 0.0000000000e+000 -1.0000000000e+000
   outer loop
     vertex 3.0472949614e+000 4.5000000000e+000 0.0000000000e+000
     vertex 1.2990381057e+000 2.2500000000e+000 0.0000000000e+000
     vertex 2.5980762114e+000 4.5000000000e+000 0.0000000000e+000
   endloop
 endfacet
 facet normal  0.0000000000e+000 0.0000000000e+000 1.0000000000e+000
   outer loop
     vertex 1.2990381057e+000 2.2500000000e+000 0.0000000000e+000
     vertex 3.0472949614e+000 4.5000000000e+000 0.0000000000e+000
     vertex 2.5980762114e+000 4.5000000000e+000 0.0000000000e+000
   endloop
 endfacet
 facet normal  0.0000000000e+000 -0.0000000000e+000 1.0000000000e+000
   outer loop
     vertex 1.2990381057e+000 2.2500000000e+000 0.0000000000e+000
     vertex 1.8830224807e+000 2.2500000000e+000 0.0000000000e+000
     vertex 3.0472949614e+000 4.5000000000e+000 0.0000000000e+000
   endloop
 endfacet
 facet normal  0.0000000000e+000 0.0000000000e+000 1.0000000000e+000
   outer loop
     vertex 1.8830224807e+000 2.2500000000e+000 0.0000000000e+000
     vertex 3.8480762114e+000 4.5000000000e+000 0.0000000000e+000
     vertex 3.0472949614e+000 4.5000000000e+000 0.0000000000e+000
   endloop
 endfacet
 facet normal  0.0000000000e+000 -0.0000000000e+000 1.0000000000e+000
   outer loop
     vertex 1.8830224807e+000 2.2500000000e+000 0.0000000000e+000
     vertex 2.9240381057e+000 2.2500000000e+000 0.0000000000e+000
     vertex 3.8480762114e+000 4.5000000000e+000 0.0000000000e+000
   endloop
 endfacet
 facet normal  0.0000000000e+000 0.0000000000e+000 1.0000000000e+000
   outer loop
     vertex 2.9240381057e+000 2.2500000000e+000 0.0000000000e+000
     vertex 3.9650537307e+000 2.2500000000e+000 0.0000000000e+000
     vertex 3.8480762114e+000 4.5000000000e+000 0.0000000000e+000
   endloop
 endfacet
 facet normal  0.0000000000e+000 -0.0000000000e+000 1.0000000000e+000
   outer loop
     vertex 3.8480762114e+000 4.5000000000e+000 0.0000000000e+000
     vertex 3.9650537307e+000 2.2500000000e+000 0.0000000000e+000
     vertex 4.6488574614e+000 4.5000000000e+000 0.0000000000e+000
   endloop
 endfacet
 facet normal  0.0000000000e+000 -0.0000000000e+000 1.0000000000e+000
   outer loop
     vertex 3.9650537307e+000 2.2500000000e+000 0.0000000000e+000
     vertex 4.5490381057e+000 2.2500000000e+000 0.0000000000e+000
     vertex 4.6488574614e+000 4.5000000000e+000 0.0000000000e+000
   endloop
 endfacet
 facet normal  0.0000000000e+000 0.0000000000e+000 1.0000000000e+000
   outer loop
     vertex 4.6488574614e+000 4.5000000000e+000 0.0000000000e+000
     vertex 4.5490381057e+000 2.2500000000e+000 0.0000000000e+000
     vertex 5.0980762114e+000 4.5000000000e+000 0.0000000000e+000
   endloop
 endfacet
 facet normal  0.0000000000e+000 -0.0000000000e+000 -1.0000000000e+000
   outer loop
     vertex 5.0980762114e+000 4.5000000000e+000 0.0000000000e+000
     vertex 5.3326611920e+000 6.7500000000e+000 0.0000000000e+000
     vertex 5.6471143170e+000 6.7500000000e+000 0.0000000000e+000
   endloop
 endfacet
 facet normal  0.0000000000e+000 0.0000000000e+000 -1.0000000000e+000
   outer loop
     vertex 5.0980762114e+000 4.5000000000e+000 0.0000000000e+000
     vertex 4.6488574614e+000 4.5000000000e+000 0.0000000000e+000
     vertex 5.3326611920e+000 6.7500000000e+000 0.0000000000e+000
   endloop
 endfacet
 facet normal  0.0000000000e+000 -0.0000000000e+000 -1.0000000000e+000
   outer loop
     vertex 4.6488574614e+000 4.5000000000e+000 0.0000000000e+000
     vertex 4.7721143170e+000 6.7500000000e+000 0.0000000000e+000
     vertex 5.3326611920e+000 6.7500000000e+000 0.0000000000e+000
   endloop
 endfacet
 facet normal  0.0000000000e+000 0.0000000000e+000 -1.0000000000e+000
   outer loop
     vertex 4.6488574614e+000 4.5000000000e+000 0.0000000000e+000
     vertex 3.8480762114e+000 4.5000000000e+000 0.0000000000e+000
     vertex 4.7721143170e+000 6.7500000000e+000 0.0000000000e+000
   endloop
 endfacet
 facet normal  0.0000000000e+000 0.0000000000e+000 -1.0000000000e+000
   outer loop
     vertex 3.8480762114e+000 4.5000000000e+000 0.0000000000e+000
     vertex 3.0472949614e+000 4.5000000000e+000 0.0000000000e+000
     vertex 4.7721143170e+000 6.7500000000e+000 0.0000000000e+000
   endloop
 endfacet
 facet normal  0.0000000000e+000 0.0000000000e+000 -1.0000000000e+000
   outer loop
     vertex 4.7721143170e+000 6.7500000000e+000 0.0000000000e+000
     vertex 3.0472949614e+000 4.5000000000e+000 0.0000000000e+000
     vertex 4.2115674420e+000 6.7500000000e+000 0.0000000000e+000
   endloop
 endfacet
 facet normal  0.0000000000e+000 0.0000000000e+000 -1.0000000000e+000
   outer loop
     vertex 3.0472949614e+000 4.5000000000e+000 0.0000000000e+000
     vertex 2.5980762114e+000 4.5000000000e+000 0.0000000000e+000
     vertex 4.2115674420e+000 6.7500000000e+000 0.0000000000e+000
   endloop
 endfacet
 facet normal  0.0000000000e+000 0.0000000000e+000 -1.0000000000e+000
   outer loop
     vertex 4.2115674420e+000 6.7500000000e+000 0.0000000000e+000
     vertex 2.5980762114e+000 4.5000000000e+000 0.0000000000e+000
     vertex 3.8971143170e+000 6.7500000000e+000 0.0000000000e+000
   endloop
 endfacet
 facet normal  0.0000000000e+000 0.0000000000e+000 1.0000000000e+000
   outer loop
     vertex 2.5980762114e+000 4.5000000000e+000 0.0000000000e+000
     vertex 4.2115674420e+000 6.7500000000e+000 0.0000000000e+000
     vertex 3.8971143170e+000 6.7500000000e+000 0.0000000000e+000
   endloop
 endfacet
 facet normal  0.0000000000e+000 -0.0000000000e+000 1.0000000000e+000
   outer loop
     vertex 2.5980762114e+000 4.5000000000e+000 0.0000000000e+000
     vertex 3.0472949614e+000 4.5000000000e+000 0.0000000000e+000
     vertex 4.2115674420e+000 6.7500000000e+000 0.0000000000e+000
   endloop
 endfacet
 facet normal  0.0000000000e+000 0.0000000000e+000 1.0000000000e+000
   outer loop
     vertex 3.0472949614e+000 4.5000000000e+000 0.0000000000e+000
     vertex 4.7721143170e+000 6.7500000000e+000 0.0000000000e+000
     vertex 4.2115674420e+000 6.7500000000e+000 0.0000000000e+000
   endloop
 endfacet
 facet normal  0.0000000000e+000 -0.0000000000e+000 1.0000000000e+000
   outer loop
     vertex 3.0472949614e+000 4.5000000000e+000 0.0000000000e+000
     vertex 3.8480762114e+000 4.5000000000e+000 0.0000000000e+000
     vertex 4.7721143170e+000 6.7500000000e+000 0.0000000000e+000
   endloop
 endfacet
 facet normal  0.0000000000e+000 -0.0000000000e+000 1.0000000000e+000
   outer loop
     vertex 3.8480762114e+000 4.5000000000e+000 0.0000000000e+000
     vertex 4.6488574614e+000 4.5000000000e+000 0.0000000000e+000
     vertex 4.7721143170e+000 6.7500000000e+000 0.0000000000e+000
   endloop
 endfacet
 facet normal  0.0000000000e+000 0.0000000000e+000 1.0000000000e+000
   outer loop
     vertex 4.7721143170e+000 6.7500000000e+000 0.0000000000e+000
     vertex 4.6488574614e+000 4.5000000000e+000 0.0000000000e+000
     vertex 5.3326611920e+000 6.7500000000e+000 0.0000000000e+000
   endloop
 endfacet
 facet normal  0.0000000000e+000 -0.0000000000e+000 1.0000000000e+000
   outer loop
     vertex 4.6488574614e+000 4.5000000000e+000 0.0000000000e+000
     vertex 5.0980762114e+000 4.5000000000e+000 0.0000000000e+000
     vertex 5.3326611920e+000 6.7500000000e+000 0.0000000000e+000
   endloop
 endfacet
 facet normal  0.0000000000e+000 0.0000000000e+000 1.0000000000e+000
   outer loop
     vertex 5.3326611920e+000 6.7500000000e+000 0.0000000000e+000
     vertex 5.0980762114e+000 4.5000000000e+000 0.0000000000e+000
     vertex 5.6471143170e+000 6.7500000000e+000 0.0000000000e+000
   endloop
 endfacet
 facet normal  0.0000000000e+000 -0.0000000000e+000 -1.0000000000e+000
   outer loop
     vertex 5.6471143170e+000 6.7500000000e+000 0.0000000000e+000
     vertex 6.0164649227e+000 9.0000000000e+000 0.0000000000e+000
     vertex 6.1961524227e+000 9.0000000000e+000 0.0000000000e+000
   endloop
 endfacet
 facet normal  0.0000000000e+000 0.0000000000e+000 -1.0000000000e+000
   outer loop
     vertex 5.6471143170e+000 6.7500000000e+000 0.0000000000e+000
     vertex 5.3326611920e+000 6.7500000000e+000 0.0000000000e+000
     vertex 6.0164649227e+000 9.0000000000e+000 0.0000000000e+000
   endloop
 endfacet
 facet normal  0.0000000000e+000 -0.0000000000e+000 -1.0000000000e+000
   outer loop
     vertex 5.3326611920e+000 6.7500000000e+000 0.0000000000e+000
     vertex 5.6961524227e+000 9.0000000000e+000 0.0000000000e+000
     vertex 6.0164649227e+000 9.0000000000e+000 0.0000000000e+000
   endloop
 endfacet
 facet normal  0.0000000000e+000 0.0000000000e+000 -1.0000000000e+000
   outer loop
     vertex 5.3326611920e+000 6.7500000000e+000 0.0000000000e+000
     vertex 4.7721143170e+000 6.7500000000e+000 0.0000000000e+000
     vertex 5.6961524227e+000 9.0000000000e+000 0.0000000000e+000
   endloop
 endfacet
 facet normal  0.0000000000e+000 0.0000000000e+000 -1.0000000000e+000
   outer loop
     vertex 4.7721143170e+000 6.7500000000e+000 0.0000000000e+000
     vertex 4.2115674420e+000 6.7500000000e+000 0.0000000000e+000
     vertex 5.6961524227e+000 9.0000000000e+000 0.0000000000e+000
   endloop
 endfacet
 facet normal  0.0000000000e+000 0.0000000000e+000 -1.0000000000e+000
   outer loop
     vertex 5.6961524227e+000 9.0000000000e+000 0.0000000000e+000
     vertex 4.2115674420e+000 6.7500000000e+000 0.0000000000e+000
     vertex 5.3758399227e+000 9.0000000000e+000 0.0000000000e+000
   endloop
 endfacet
 facet normal  0.0000000000e+000 0.0000000000e+000 -1.0000000000e+000
   outer loop
     vertex 4.2115674420e+000 6.7500000000e+000 0.0000000000e+000
     vertex 3.8971143170e+000 6.7500000000e+000 0.0000000000e+000
     vertex 5.3758399227e+000 9.0000000000e+000 0.0000000000e+000
   endloop
 endfacet
 facet normal  0.0000000000e+000 0.0000000000e+000 -1.0000000000e+000
   outer loop
     vertex 5.3758399227e+000 9.0000000000e+000 0.0000000000e+000
     vertex 3.8971143170e+000 6.7500000000e+000 0.0000000000e+000
     vertex 5.1961524227e+000 9.0000000000e+000 0.0000000000e+000
   endloop
 endfacet
 facet normal  0.0000000000e+000 0.0000000000e+000 1.0000000000e+000
   outer loop
     vertex 3.8971143170e+000 6.7500000000e+000 0.0000000000e+000
     vertex 5.3758399227e+000 9.0000000000e+000 0.0000000000e+000
     vertex 5.1961524227e+000 9.0000000000e+000 0.0000000000e+000
   endloop
 endfacet
 facet normal  0.0000000000e+000 -0.0000000000e+000 1.0000000000e+000
   outer loop
     vertex 3.8971143170e+000 6.7500000000e+000 0.0000000000e+000
     vertex 4.2115674420e+000 6.7500000000e+000 0.0000000000e+000
     vertex 5.3758399227e+000 9.0000000000e+000 0.0000000000e+000
   endloop
 endfacet
 facet normal  0.0000000000e+000 0.0000000000e+000 1.0000000000e+000
   outer loop
     vertex 4.2115674420e+000 6.7500000000e+000 0.0000000000e+000
     vertex 5.6961524227e+000 9.0000000000e+000 0.0000000000e+000
     vertex 5.3758399227e+000 9.0000000000e+000 0.0000000000e+000
   endloop
 endfacet
 facet normal  0.0000000000e+000 -0.0000000000e+000 1.0000000000e+000
   outer loop
     vertex 4.2115674420e+000 6.7500000000e+000 0.0000000000e+000
     vertex 4.7721143170e+000 6.7500000000e+000 0.0000000000e+000
     vertex 5.6961524227e+000 9.0000000000e+000 0.0000000000e+000
   endloop
 endfacet
 facet normal  0.0000000000e+000 -0.0000000000e+000 1.0000000000e+000
   outer loop
     vertex 4.7721143170e+000 6.7500000000e+000 0.0000000000e+000
     vertex 5.3326611920e+000 6.7500000000e+000 0.0000000000e+000
     vertex 5.6961524227e+000 9.0000000000e+000 0.0000000000e+000
   endloop
 endfacet
 facet normal  0.0000000000e+000 0.0000000000e+000 1.0000000000e+000
   outer loop
     vertex 5.6961524227e+000 9.0000000000e+000 0.0000000000e+000
     vertex 5.3326611920e+000 6.7500000000e+000 0.0000000000e+000
     vertex 6.0164649227e+000 9.0000000000e+000 0.0000000000e+000
   endloop
 endfacet
 facet normal  0.0000000000e+000 -0.0000000000e+000 1.0000000000e+000
   outer loop
     vertex 5.3326611920e+000 6.7500000000e+000 0.0000000000e+000
     vertex 5.6471143170e+000 6.7500000000e+000 0.0000000000e+000
     vertex 6.0164649227e+000 9.0000000000e+000 0.0000000000e+000
   endloop
 endfacet
 facet normal  0.0000000000e+000 0.0000000000e+000 1.0000000000e+000
   outer loop
     vertex 6.0164649227e+000 9.0000000000e+000 0.0000000000e+000
     vertex 5.6471143170e+000 6.7500000000e+000 0.0000000000e+000
     vertex 6.1961524227e+000 9.0000000000e+000 0.0000000000e+000
   endloop
 endfacet
endsolid
